4 0.0375 0.848968 0.0675 0.204503
4 0.15 0.762664 0.295 0.418386
1 0.315625 0.91651 0.02375 0.02439
1 0.33375 0.837711 0.0725 0.133208
4 0.305625 0.681989 0.24625 0.260788
4 0.36375 0.559099 0.0475 0.060038
4 0.40875 0.573171 0.0375 0.073171
1 0.45 0.633208 0.035 0.076923
4 0.499375 0.610694 0.09125 0.189493
4 0.569375 0.581614 0.19625 0.165103
4 0.68375 0.56848 0.065 0.138837
4 0.74625 0.594747 0.0475 0.146341
4 0.948125 0.61257 0.10125 0.144465
4 0.745625 0.849906 0.50625 0.292683
4 0.753125 0.695122 0.10875 0.043152