4 0.11377 0.640625 0.208008 0.236979
4 0.328125 0.608073 0.310547 0.450521
4 0.757812 0.802083 0.126953 0.161458
4 0.791016 0.811198 0.412109 0.372396
4 0.910156 0.391927 0.146484 0.148438
4 0.874512 0.451172 0.143555 0.089844
4 0.301758 0.871745 0.287109 0.251302
4 0.696289 0.411458 0.171875 0.166667
4 0.68457 0.53125 0.132812 0.283854
4 0.477539 0.551432 0.169922 0.282552
4 0.635742 0.484375 0.09375 0.216146
4 0.441895 0.39388 0.051758 0.063802
0 0.836426 0.516927 0.297852 0.106771
0 0.582031 0.895833 0.353516 0.210938