4 0.669231 0.546875 0.12967 0.175781
4 0.630769 0.609375 0.145055 0.066406
4 0.135897 0.862305 0.216117 0.267578
4 0.379853 0.684082 0.170696 0.249023
0 0.261905 0.832031 0.522344 0.328125
4 0.290842 0.591797 0.115751 0.144531
4 0.964835 0.298828 0.067399 0.585938
4 0.062271 0.624023 0.120147 0.201172
4 0.346154 0.865723 0.191209 0.264648
4 0.72381 0.815918 0.410256 0.360352
4 0.159341 0.625 0.135531 0.251953
4 0.357509 0.564941 0.099634 0.151367
4 0.532967 0.646484 0.072527 0.029297
4 0.861538 0.756348 0.276923 0.268555